2.596728122565567502e-05 4.561581254456684720e-01
3.927729772191673480e-04 3.078313632339555461e-01
0.000000000000000000e+00 2.371331559718668491e-01
0.000000000000000000e+00 3.171082695390757267e-01
0.000000000000000000e+00 1.991067147439381790e-01
2.639358108108108255e-04 1.552289390039388040e-01
-8.035714285714285301e-05 3.836286055353367308e-01
0.000000000000000000e+00 2.929827054294916744e-01
5.110070927784477883e-05 3.344918074465413338e-01
0.000000000000000000e+00 2.984031387083333486e-01
0.000000000000000000e+00 1.602296254470167158e-01
1.948330280949226316e-05 3.047814324909262074e-01
1.675603217158176976e-04 4.842164627564675694e-01
0.000000000000000000e+00 2.068544892104677568e-01
0.000000000000000000e+00 4.510682843267241893e-01
1.208378088077336193e-04 4.377916831469265690e-01
-6.802721088435403257e-07 3.322432601709490729e-01
2.461538461538461406e-04 2.767784286084275513e-01
0.000000000000000000e+00 3.144256365919853580e-01
0.000000000000000000e+00 3.506704997218398345e-01
-8.253549026081215311e-05 3.913587214869627684e-01
0.000000000000000000e+00 2.281787778508732045e-01
0.000000000000000000e+00 3.276419651367157848e-01
-8.571428571428571259e-05 8.383205586529797193e-01
2.435064935064934724e-05 3.349604517526167391e-01
2.857142857142857425e-05 3.686615743449671023e-01
0.000000000000000000e+00 3.051043209621056573e-01
3.562522265764160936e-04 3.298705180772335543e-01
-2.069193842079125980e-04 2.765502787736277002e-01
0.000000000000000000e+00 3.339264672595936845e-01
0.000000000000000000e+00 2.695638238269594256e-01
1.617524072148636958e-04 3.169508197177884345e-01
-5.537098560354374618e-05 3.214066920682361328e-01
0.000000000000000000e+00 3.572592120165015706e-01
2.678571428571428434e-05 5.031325164067986799e-01
0.000000000000000000e+00 2.628750877891936621e-01
0.000000000000000000e+00 3.359768668151543736e-01
3.706998813760379859e-05 3.138759394725808005e-01
0.000000000000000000e+00 2.653156612626863531e-01
0.000000000000000000e+00 3.056165246850700568e-01
0.000000000000000000e+00 4.681814326399423298e-01
1.428571428571428679e-04 3.716415227365243434e-01
-5.714285714285714850e-05 3.786047249250178992e-01
0.000000000000000000e+00 3.241439887757741056e-01
1.384274640088593519e-04 3.112659893657279131e-01
0.000000000000000000e+00 1.644620903386270760e-01
-1.529613313754282720e-05 3.116085252037933406e-01
1.911764705882353045e-03 1.114101873072461113e-01
0.000000000000000000e+00 2.660812499815563004e-01
3.590406434008329688e-05 3.210133781775889594e-01
1.250000000000000026e-04 3.161699260811953738e-01
0.000000000000000000e+00 3.038368606129316918e-01
-8.107012565869477498e-05 2.466196079031122701e-01
1.010175219483524980e-04 3.555193084464786657e-01
0.000000000000000000e+00 3.371141074864293929e-01
0.000000000000000000e+00 3.551689488197211086e-01
0.000000000000000000e+00 3.583553693594525580e-01
1.071428571428571644e-04 5.052454397652689222e-01
4.145040369088811579e-05 3.803558302120237378e-01
2.499999999999999781e-05 3.105931784320183353e-01
-7.142857142857143393e-05 3.114886988705781734e-01
-1.020408163265306126e-05 3.156011700534918640e-01
0.000000000000000000e+00 3.296359169693185431e-01
3.787878787878787876e-04 1.718441509855656857e-01
0.000000000000000000e+00 2.548994129954175181e-01
0.000000000000000000e+00 2.738451528679676783e-01
2.966478789676653969e-04 2.772203267935237081e-01
0.000000000000000000e+00 3.423487414668686668e-01
0.000000000000000000e+00 2.759863599904862075e-01
-1.990128960356631185e-05 2.557149544144071696e-01
9.934432743890323782e-05 2.508042537936483463e-01
2.144695453245639368e-05 2.523892747441502382e-01
-9.137426900584794814e-05 3.032747929931778330e-01
0.000000000000000000e+00 1.360840017825312165e-01
1.237444196428571521e-04 3.290966582805935903e-01
1.406964474147027761e-04 2.533323835933630752e-01
0.000000000000000000e+00 3.511952410585456041e-01
0.000000000000000000e+00 2.816281860618597421e-01
1.948051948051947982e-05 2.415184907750980436e-01
-3.712871287128712781e-05 3.050553699353439341e-01
1.428571428571428679e-04 3.598724218460107038e-01
-1.891210374639769559e-04 3.120008502411247830e-01
0.000000000000000000e+00 2.657951767889248362e-01
1.184132622853759738e-04 2.424593557578298697e-01
0.000000000000000000e+00 2.699536535621728794e-01
0.000000000000000000e+00 1.231404958677685957e-01
-2.118195297606439347e-05 2.609157948341919164e-01
-7.156416669177689902e-05 8.577661324469059156e-01
3.571938848406915420e-05 3.245015515868613920e-01
0.000000000000000000e+00 2.503395742179155836e-01
-2.743484224965707114e-05 2.846987624205415401e-01
0.000000000000000000e+00 2.430415993375907857e-01
0.000000000000000000e+00 3.203488903721944947e-01
0.000000000000000000e+00 2.589453366540895307e-01
7.142857142857143393e-05 4.380419723989136260e-01
0.000000000000000000e+00 4.052806933634418574e-01
-2.857142857142857425e-05 3.140993425423777019e-01
1.428571428571428679e-04 3.090266379341558567e-01
8.571428571428571259e-05 3.158247318290161587e-01
2.390547093777747477e-04 8.338184856507555587e-01
3.373015873015872742e-05 2.782815914297391280e-01
0.000000000000000000e+00 3.177466705285458826e-01
0.000000000000000000e+00 3.281464646177602029e-01
4.134860050890585333e-04 2.540199569302630800e-01
2.931261908251502559e-05 3.173583167555768525e-01
0.000000000000000000e+00 1.534887827648531156e-01
-2.380952380952380679e-05 3.849740768748458053e-01
3.632137149498765164e-05 2.831907867128699019e-01
0.000000000000000000e+00 3.551885955846012521e-01
1.903973509933774670e-03 2.925561791041932924e-01
0.000000000000000000e+00 2.023941350920777371e-01
0.000000000000000000e+00 3.320052832015873423e-01
7.142857142857143393e-05 5.758070424359147399e-01
5.788712011577424352e-05 2.680781797395412336e-01
-6.668889629876625415e-05 4.351543747977584808e-01
1.428571428571428712e-05 2.971995093814938649e-01
0.000000000000000000e+00 2.683773690999669559e-01
3.099173553719007917e-03 2.342286501377410235e-01
0.000000000000000000e+00 3.047680157726532779e-01
0.000000000000000000e+00 2.551199999999996804e-01
-9.308098045299409841e-05 3.149728368190387040e-01
0.000000000000000000e+00 3.016247640167518118e-01
0.000000000000000000e+00 3.313837482913321586e-01
0.000000000000000000e+00 3.333644341917575415e-01
-3.092587747538456158e-07 3.317037932982184745e-01
0.000000000000000000e+00 3.904210266913947236e-01
3.571428571428571697e-05 2.646656546429762003e-01
4.037956793862305878e-05 2.647842190785871241e-01
5.603571940898006162e-05 2.711631693066416382e-01
-3.360537686029764059e-04 2.297055741816910746e-01
0.000000000000000000e+00 3.310042820124006191e-01
1.215805471124620089e-04 2.725557671249150826e-01
1.631321370309951081e-04 4.419849090097870969e-01
1.324795760653565936e-04 4.894939119275337758e-01
0.000000000000000000e+00 2.596047386031314352e-01
-2.534854245880861692e-04 1.976843816126138964e-01
0.000000000000000000e+00 2.663033068254469504e-01
-2.857142857142857425e-05 2.952585281781716642e-01
-1.428571428571428712e-05 3.757269352935411755e-01
-1.904761904761904611e-05 3.526493466907151264e-01
-5.714285714285714850e-05 4.880366957248882809e-01
-1.925636007827788107e-04 8.275501892468366538e-01
6.301764494058335702e-05 3.055293160406619135e-01
0.000000000000000000e+00 3.488188426166630718e-01
0.000000000000000000e+00 2.503606844601301562e-01
7.937641885348700331e-05 3.788337800466875516e-01
4.494047619047619057e-05 3.671351555706190428e-01
0.000000000000000000e+00 2.898775256192207550e-01
0.000000000000000000e+00 2.291208791208791395e-01
-5.273069679849340255e-04 3.332321612003814049e-01
0.000000000000000000e+00 1.900613275613275421e-01
0.000000000000000000e+00 2.468360714647355181e-01
-1.872191712431352836e-04 5.175772233304687386e-01
0.000000000000000000e+00 2.615320729701796632e-01
2.106978312169906426e-05 2.122133687327993901e-01
3.042371943799093185e-05 4.485734010046582010e-01
0.000000000000000000e+00 2.813712674020773519e-01
0.000000000000000000e+00 2.873291881752397803e-01
